284.827148438 2345.64135742
433.114929199 2204.8737793
270.813140869 2203.01000977
447.076202393 2259.81469727
416.722900391 2276.04248047
412.43548584 2140.84399414
434.88494873 2076.08325195
406.840332031 2204.11523438
391.134490967 2239.67553711
462.141235352 2191.87158203
382.198883057 2428.14038086
479.881591797 2275.15136719
421.748077393 2325.06835938
271.137054443 2033.17260742
429.517700195 2205.5390625
369.807922363 2090.83862305
433.856719971 2336.83081055
416.674468994 2489.9855957
259.235870361 2086.15478516
438.407196045 2336.5324707
427.282165527 2409.53344727
484.884094238 2216.85253906
396.701141357 2585.32128906
417.730499268 2329.52246094
498.881469727 2148.25756836
441.131591797 2171.33374023
419.975524902 2275.1171875
295.565612793 2367.97460938
309.347717285 2220.42773438
440.081878662 2230.32299805
481.145355225 2076.89013672
444.517608643 2382.92871094
483.394775391 2210.08374023
482.715026855 2251.91577148
408.583496094 1641.72253418
386.967895508 2019.2689209
349.689758301 2307.32421875
476.716705322 2211.43432617
460.368591309 2154.73583984
443.546386719 2323.45214844
457.460449219 2242.83056641
370.218383789 2483.14257812
492.655975342 2272.58154297
274.623809814 1967.63183594
414.717559814 2369.63452148
422.244995117 2281.62573242
433.862518311 2195.24487305
438.368499756 2241.93457031
446.110534668 2272.72631836
433.805389404 2315.75585938
418.380767822 2401.39306641
345.513946533 2165.58862305
456.885467529 2047.06921387
500.0 1500.0
423.199279785 2429.70141602
379.911376953 2194.90136719
300.444915771 2167.78662109
398.715026855 2312.77783203
407.388793945 2157.25561523
377.961608887 2286.30224609
428.00692749 2420.12817383
423.224609375 2195.74047852
433.49331665 2309.79272461
483.322753906 2146.32495117
428.768035889 2136.22851562
415.987884521 2453.68847656
472.167938232 2400.54858398
425.217895508 2291.64477539
393.687896729 2415.6887207
488.001953125 2121.73632812
417.398529053 2351.09082031
263.074035645 1779.57617188
432.091125488 2271.94775391
382.93737793 2236.46923828
420.167388916 2316.1315918
371.877258301 2034.14709473
407.57699585 2215.00683594
401.21786499 2340.16357422
432.149993896 2231.88964844
441.357543945 2287.92114258
445.044769287 2324.04418945
450.761444092 2067.06518555
437.219085693 2224.25952148
495.073760986 2223.89770508
359.392974854 2167.42236328
309.838256836 2042.50671387
457.837524414 2335.07104492
444.469787598 2252.75317383
407.427642822 2213.21118164
434.527587891 2190.93212891
332.91293335 2121.1262207
457.676696777 2203.89160156
411.635406494 2389.97924805
443.815795898 2418.44702148
424.10055542 1933.15283203
420.53427124 2190.265625
440.616271973 2074.48632812
331.816955566 2129.40991211
389.43762207 2386.83251953
474.620361328 1962.05480957
377.765411377 2432.03393555
422.868591309 2173.97998047
426.415222168 2350.53417969
310.517608643 2062.59887695
402.973327637 2241.84033203
306.725708008 1785.20349121
434.824188232 2440.96557617
436.798187256 2395.0090332
316.19732666 2328.05029297
448.540863037 2357.74487305
213.705184937 2091.99414062
422.016571045 2400.45825195
371.560577393 2033.57324219
273.769317627 1736.80407715
308.202545166 1876.10595703
395.484832764 2279.1184082
419.149078369 2054.8515625
412.294036865 1500.5402832
443.886566162 2109.97509766
244.584762573 1915.07958984
413.561737061 2404.54833984
425.742797852 2231.59130859
287.780761719 2213.60717773
436.532775879 2336.45385742
413.36038208 2224.90307617
223.509750366 2371.56884766
433.626464844 2168.38061523
444.996795654 2292.55297852
373.323883057 1739.06738281
358.536102295 2232.74414062
295.213745117 1831.19030762
426.108062744 2175.11303711
427.270507812 2156.85839844
365.328491211 2194.0402832
450.142669678 2374.76831055
447.080413818 2096.4375
506.301605225 2063.60913086
447.21685791 2325.35302734
453.428161621 2387.6081543
465.901580811 2163.46362305
437.583892822 2250.58911133
260.258087158 1525.23474121
271.334686279 1786.19836426
420.923065186 2314.17529297
475.779571533 2253.3190918
442.464019775 2281.17553711
275.886047363 2160.54614258
239.759841919 2106.52856445
411.412994385 2281.37426758
442.507354736 2361.03515625
465.892456055 2396.43505859
371.888031006 2356.5300293
408.864593506 2086.11352539
321.352111816 2342.28833008
423.641937256 2119.26269531
245.472915649 1917.13061523
414.143035889 2374.27587891
430.891693115 2265.23632812
360.601318359 2460.1027832
455.032073975 2321.31567383
265.599456787 1955.94946289
465.660705566 2058.22314453
431.133239746 2321.07519531
440.884094238 2426.3972168
480.220306396 2212.47436523
384.497772217 2233.41821289
421.230773926 2251.39233398
397.129821777 2388.7902832
395.683135986 2462.92700195
378.934661865 1788.64221191
343.445617676 1863.63537598
456.984985352 2150.86132812
474.633361816 2052.91430664
470.272247314 2146.61547852
420.942474365 2337.63696289
407.285858154 2370.04174805
410.789337158 2322.15258789
417.760284424 2281.22827148
410.215667725 2424.62573242
437.719451904 2242.01196289
447.77520752 2291.59960938
248.300750732 1695.53869629
450.975952148 2181.37451172
447.200622559 2343.91723633
485.302337646 2322.36083984
233.276855469 1989.61865234
438.04119873 2276.60327148
382.728546143 2285.3972168
306.482727051 1792.96850586
348.406005859 2296.36938477
418.136199951 2201.98706055
435.597015381 2124.60742188
332.593780518 2079.36572266
483.075164795 2234.265625
258.915527344 2110.73803711
228.603759766 1865.83703613
413.428863525 2076.28369141
359.995269775 2452.85107422
417.747772217 2173.41162109
412.495452881 2281.1394043
429.051544189 2202.83154297
451.500244141 2315.59741211
395.574493408 2207.19091797
376.034423828 2386.08374023
374.871582031 2244.13085938
442.254486084 2095.74169922
478.858825684 2179.72119141
442.057983398 2303.99951172
417.547393799 2289.48657227
392.244567871 2230.95776367
387.155303955 2323.35351562
408.653961182 2292.12060547
353.618225098 2315.03588867
443.981536865 2281.67626953
397.386688232 2300.6953125
468.454956055 2259.90869141
452.140869141 2303.96972656
460.540740967 2107.80053711
238.578445435 2143.88330078
401.408691406 2313.953125
427.125335693 2173.85571289
443.282775879 2289.34741211
401.944976807 2340.17431641
308.514373779 2083.4753418
489.311309814 2271.74682617
449.481689453 2298.37670898
399.723937988 2241.75341797
418.713928223 2267.12011719
401.222381592 2378.79418945
354.437255859 2401.62451172
423.639678955 2304.91650391
316.023254395 2302.62084961
450.85345459 2098.33911133
454.871398926 2269.13110352
249.870178223 2115.74804688
478.787658691 2106.68725586
465.176696777 2281.38623047
266.738555908 1745.29040527
410.959686279 2283.25512695
479.685699463 2263.21362305
363.483917236 2224.82006836
404.413604736 2400.68774414
493.576873779 2249.61010742
492.24130249 2254.80249023
405.787078857 2254.65014648
452.959503174 2320.609375
431.5284729 2310.37768555
485.33215332 2026.8157959
407.336730957 2233.82543945
395.376403809 2263.47607422
424.611694336 2347.69873047
446.732940674 2200.03271484
466.060272217 2183.95849609
265.271514893 2007.19848633
