555.594360352 1845.04052734
653.977844238 1911.34729004
618.765075684 1907.68798828
627.15814209 1922.47753906
594.285339355 1866.39123535
637.615661621 1913.53369141
633.60534668 1860.09570312
337.183959961 1668.20275879
621.63293457 1900.27563477
629.480529785 1890.4197998
636.034851074 1903.53271484
510.036773682 1723.54333496
670.42388916 1903.34228516
661.520385742 1961.51953125
676.976074219 1923.22045898
613.211486816 1881.88122559
335.132659912 1596.71276855
537.295288086 1884.98779297
628.655334473 1949.98950195
308.424560547 1519.75561523
626.632324219 1878.09936523
624.118041992 1928.06103516
329.282165527 1691.68920898
622.956054688 1838.6060791
426.002044678 1644.08312988
281.867950439 1573.81396484
633.691833496 1768.55627441
636.953308105 1916.22216797
649.937011719 1940.4942627
621.054626465 2029.48986816
625.427062988 1916.40124512
619.199829102 1863.26757812
720.948730469 1915.91503906
512.76171875 1723.35559082
625.221496582 1907.03881836
671.517578125 1878.26953125
638.536193848 1948.06103516
617.452880859 1911.78039551
581.036010742 1897.86560059
638.119018555 1865.0982666
497.757263184 1890.5769043
678.969543457 1941.9309082
534.727355957 1967.61572266
360.631225586 1617.28234863
619.793273926 1956.29589844
361.424835205 1709.77490234
636.512512207 1920.42541504
690.326416016 1859.58361816
615.203491211 1873.71142578
511.44934082 1656.3137207
710.951782227 1899.4498291
630.395996094 1872.13818359
475.066772461 1794.44885254
629.75604248 1943.02819824
646.829345703 1916.64111328
617.588684082 2009.05895996
564.117858887 1905.29980469
541.647216797 1835.09436035
623.23840332 1898.70593262
275.244384766 1531.88891602
327.143829346 1582.54589844
634.340148926 1883.9543457
498.317352295 1899.57983398
502.25592041 1670.67480469
679.971252441 1963.64868164
551.444946289 1927.49841309
635.488891602 1960.05236816
337.721008301 1524.4765625
638.948486328 1923.16931152
632.550354004 1921.67260742
616.688659668 1888.3182373
628.793029785 2024.10668945
650.66394043 1915.47338867
360.803619385 1592.07397461
524.754516602 1840.49658203
677.893066406 1884.67321777
352.40447998 1658.02856445
694.231201172 1892.2689209
644.205871582 1921.38830566
599.044372559 1879.81933594
627.69720459 1992.12976074
651.20300293 1882.90600586
482.584289551 1688.41784668
591.041870117 1849.81665039
619.952453613 2045.19091797
655.458496094 1906.60583496
329.535858154 1521.73193359
287.176116943 1530.16259766
626.214538574 1876.25390625
573.898864746 1772.05383301
607.112976074 1886.43615723
443.130279541 1733.43005371
631.11920166 1966.98339844
443.077880859 1719.03381348
704.438903809 1921.06286621
621.520996094 1918.52929688
653.776245117 1884.19482422
547.318237305 1724.81994629
658.652404785 1916.03234863
633.909606934 1894.42797852
462.681762695 1886.38586426
338.736694336 1702.09912109
620.184997559 2048.29296875
634.267456055 1817.43359375
635.368469238 1782.65234375
651.643737793 1828.71044922
596.702941895 1867.08435059
616.489746094 2053.95410156
362.959838867 1682.47668457
641.483947754 2012.80737305
676.196166992 1875.66882324
641.233520508 2031.03735352
595.851074219 1838.40234375
405.284759521 1641.28051758
456.165161133 1725.08251953
718.524353027 1900.94763184
537.312805176 1957.5892334
424.734405518 1802.21069336
634.672180176 1934.5579834
519.966430664 1727.82995605
620.385131836 1981.11218262
478.952728271 1790.78662109
605.924499512 1881.37573242
631.326599121 1933.47802734
547.047302246 1757.2869873
610.950378418 1953.4576416
684.961547852 1923.81237793
616.567932129 1949.06811523
594.690795898 1925.34912109
286.844329834 1567.70874023
472.438018799 1949.81811523
611.725952148 1849.52929688
326.803344727 1586.05566406
667.114746094 1983.10754395
457.466033936 1731.27758789
658.310241699 1971.39526367
537.570251465 1879.74951172
294.268249512 1598.72595215
654.575500488 1922.35437012
284.741485596 1601.53820801
330.747039795 1560.39404297
646.519226074 1826.81677246
649.184692383 1937.88793945
485.446258545 1735.42504883
283.550476074 1569.52001953
662.630493164 1917.5090332
616.907043457 2054.10961914
594.001586914 1705.0670166
659.644897461 1945.68322754
636.851379395 1925.66320801
578.663818359 1924.63452148
686.381164551 1870.89697266
604.063476562 1902.80285645
644.963989258 1933.03979492
638.025817871 1915.04211426
621.768920898 1932.63720703
716.78326416 1889.76831055
646.496765137 1887.90063477
634.725402832 1883.62670898
613.033081055 1818.81860352
544.300476074 1788.9765625
652.69128418 1914.14758301
363.048706055 1570.5369873
671.390869141 1972.8572998
396.027954102 1719.72814941
571.328674316 1835.70690918
355.983947754 1657.62231445
634.320983887 1921.76257324
647.015380859 1923.04431152
386.18661499 1698.36828613
626.24786377 1845.8269043
638.800415039 1901.1361084
527.082763672 1737.71350098
631.635437012 1840.87658691
675.974487305 1879.41540527
664.619934082 1976.24560547
314.279541016 1615.62561035
605.040588379 1889.67895508
312.735992432 1650.41259766
491.986206055 1941.89501953
644.289916992 1941.36853027
627.392456055 1825.06152344
641.204467773 1931.55688477
638.080627441 1897.68933105
640.374694824 1840.64526367
640.970214844 1901.64904785
655.759521484 1950.75390625
635.106445312 1924.97766113
397.539306641 1664.82128906
295.834106445 1572.11657715
561.297668457 1797.27416992
662.421020508 1913.13366699
653.778198242 1921.00817871
664.739685059 1923.8026123
651.678161621 1825.34362793
404.585357666 1708.08618164
618.463562012 1994.984375
649.755981445 1892.78027344
642.877075195 1966.24035645
615.785888672 1853.42553711
303.497131348 1514.92980957
533.226196289 1839.17028809
618.232421875 1873.30786133
632.999694824 1956.8638916
549.463378906 1917.38586426
616.09765625 1841.7845459
333.011444092 1620.16479492
571.055847168 1941.63696289
589.81463623 1958.47546387
646.699829102 1871.03125
332.561889648 1648.67712402
585.701599121 1799.90246582
