783.862182617 1614.1652832
642.973266602 1328.20166016
198.550308228 1709.71032715
262.571838379 1230.22192383
653.777282715 1336.79907227
393.296386719 1524.50915527
636.37487793 1432.37927246
610.563964844 1419.32507324
685.270202637 1501.11157227
421.155029297 1523.98205566
638.28704834 1405.31213379
571.277587891 1170.10058594
436.965789795 1629.92089844
535.010070801 1237.24780273
505.838104248 1159.88696289
649.434387207 1295.88964844
548.633544922 1379.94567871
249.854446411 857.910217285
572.082641602 1345.45654297
533.959960938 1393.13305664
420.617675781 1396.19519043
290.273986816 1575.5402832
618.550598145 1459.5279541
533.793457031 1214.82580566
348.975006104 990.02746582
410.923553467 1262.78234863
575.308654785 1385.18701172
609.965698242 1429.66894531
593.14074707 1330.89758301
489.073120117 966.672058105
590.642700195 1297.74780273
587.759338379 1202.90710449
469.440734863 1062.73913574
452.532104492 1350.37683105
432.481842041 1301.66296387
479.185302734 1227.4967041
604.765869141 1404.76831055
416.922729492 1032.65893555
285.281677246 977.355102539
231.231277466 1193.08007812
622.200378418 1402.00976562
521.453125 1366.43579102
472.863037109 1234.82446289
533.927307129 1339.7364502
425.622009277 1205.94812012
256.113433838 1079.09643555
434.379272461 1258.82629395
283.391265869 1244.78088379
495.856750488 1300.92932129
595.23046875 1097.81103516
576.880065918 1198.41137695
239.179336548 1228.53430176
408.465087891 1215.64099121
641.640930176 1334.82006836
434.073944092 1120.84289551
660.125244141 1525.07275391
583.637451172 1332.85205078
241.1224823 1093.85449219
573.997619629 1445.90563965
501.380187988 1346.0333252
602.512939453 1316.57653809
681.47076416 1396.67285156
420.071472168 1117.09265137
270.984954834 1216.39550781
462.932281494 1125.04577637
237.195785522 992.765869141
570.374206543 1409.03552246
739.441894531 1555.76330566
211.961135864 1850.2902832
583.644348145 1349.41394043
415.84463501 903.739624023
246.761108398 1578.22473145
575.478515625 1386.9765625
364.752532959 1102.72302246
473.130004883 1201.33654785
426.346099854 1338.26428223
540.522277832 1151.17883301
546.243713379 1135.52282715
681.670898438 1639.34179688
464.250976562 1427.73156738
452.299499512 1077.10302734
512.676696777 1154.37548828
567.781494141 1336.40112305
410.76260376 1463.42419434
248.590576172 1623.04577637
522.891357422 1373.17858887
699.231079102 1501.06164551
662.137023926 1368.68493652
456.365386963 1552.79956055
619.564086914 1472.08276367
234.021377563 1151.07641602
525.588684082 1127.20385742
376.525848389 1392.12927246
608.988891602 1612.20947266
445.856628418 1144.12109375
203.279464722 961.640991211
581.045532227 1273.17602539
413.402648926 1122.4934082
628.893615723 1453.84020996
567.30065918 1286.30297852
550.874511719 1407.93261719
518.945617676 1315.68066406
576.030517578 1438.1472168
420.548126221 1110.3203125
674.620422363 1716.77075195
613.915222168 1479.70629883
218.755447388 1314.95483398
334.869689941 1226.09155273
452.762207031 1249.97180176
697.870239258 1479.06323242
588.778991699 1445.28479004
519.689025879 1256.17321777
472.645324707 1242.64904785
405.523864746 1096.22180176
452.039733887 1136.16308594
498.188079834 1089.34362793
557.049255371 1453.03820801
541.605895996 1128.81921387
548.495422363 1496.54150391
670.736450195 1548.40466309
383.175140381 1029.78991699
611.738708496 1399.83312988
602.185302734 1455.56237793
435.763336182 1127.0690918
224.446029663 1358.20849609
514.735900879 1086.1965332
579.563781738 1196.32885742
734.922790527 1656.53125
275.000335693 1057.66101074
627.358886719 1325.14892578
220.19694519 1746.10644531
545.022338867 1199.61621094
289.041412354 596.08380127
267.052093506 1451.53503418
216.786331177 1897.2253418
571.450561523 1309.5916748
599.049865723 1309.8659668
349.032196045 1044.15539551
383.93649292 1525.86999512
242.089294434 1731.41394043
458.032043457 1149.26733398
697.700134277 1430.61877441
548.455444336 1332.01293945
651.934204102 1551.91088867
223.923294067 957.262512207
446.159423828 1440.38977051
606.066162109 1220.64648438
585.594970703 1363.23376465
392.106842041 1289.28320312
664.314758301 1468.90795898
279.797119141 979.734191895
397.140625 1505.5880127
623.122253418 1409.1730957
482.512237549 1117.05310059
454.194793701 1140.36035156
596.790222168 1455.45629883
448.506164551 1050.08288574
437.075378418 1329.01843262
433.189544678 1009.7980957
365.516082764 1170.43383789
238.126541138 879.647155762
567.334289551 1188.08288574
276.361053467 1935.2644043
651.188171387 1383.86047363
664.383300781 1415.60974121
419.631530762 1250.48535156
550.141479492 1119.60192871
423.132751465 1524.89001465
522.652160645 1297.55285645
223.776916504 1632.64343262
573.521362305 1119.53125
422.99697876 1017.85968018
409.335296631 946.165527344
472.059265137 1284.01489258
431.353546143 1047.10717773
314.066101074 1622.25183105
592.935913086 1204.17321777
420.486816406 1294.02575684
303.091217041 1606.15454102
637.947998047 1702.12182617
649.215637207 1476.86779785
472.581420898 1199.1920166
610.347717285 1249.75915527
650.043579102 1295.43859863
446.295928955 926.33807373
475.626068115 1066.02612305
657.915527344 1319.6114502
623.44708252 1295.83666992
694.340576172 1357.38671875
304.352539062 1141.94689941
634.407958984 1455.93286133
213.527832031 1116.1217041
602.054382324 1441.08117676
440.655059814 1399.40979004
647.79901123 1345.62646484
596.263427734 1200.72485352
601.705566406 1249.66479492
495.373138428 1312.11535645
419.906188965 1239.91064453
533.397644043 1117.19946289
660.48651123 1386.13574219
703.900390625 1617.50219727
582.183227539 1186.24255371
326.252624512 1489.74609375
385.663787842 1057.22375488
419.704406738 1338.75048828
586.169616699 1134.2409668
347.967346191 1528.31677246
628.690795898 1312.1394043
439.698730469 1254.00268555
515.876098633 1195.0357666
489.18258667 1220.81677246
456.496887207 1419.27294922
591.147033691 1297.76477051
611.41583252 1626.0411377
460.903137207 1274.17675781
408.548431396 1068.55688477
627.405395508 1606.11499023
571.490234375 1251.48522949
438.264404297 1070.62097168
601.059326172 1256.14709473
339.409393311 1525.8145752
244.233825684 1281.27319336
542.078308105 1277.62316895
725.116516113 1371.86669922
292.168060303 1131.98425293
225.387481689 969.574768066
633.233398438 1435.89575195
430.262573242 1308.80236816
537.843811035 1396.31188965
653.793701172 1350.84838867
434.30758667 1066.82177734
237.194366455 1236.13110352
280.70324707 827.86114502
694.194396973 1320.93005371
332.221893311 1086.76452637
607.655883789 1234.70739746
525.441345215 1271.54846191
638.181335449 1471.57519531
439.445556641 1428.41870117
598.478942871 1318.92980957
643.911621094 1479.16687012
380.18548584 1400.91027832
215.908050537 1030.42248535
609.99395752 1413.97412109
608.905029297 1304.05773926
559.467346191 1240.12463379
725.078430176 1578.90466309
618.28692627 1242.78894043
497.323120117 1123.09301758
476.934295654 1204.81604004
415.406494141 1343.49609375
704.343139648 1371.56750488
558.199829102 1158.59326172
600.461914062 1368.94677734
629.852111816 1432.31738281
624.205932617 1336.28613281
601.949462891 1473.05822754
566.420776367 1274.31079102
646.891906738 1433.82897949
641.608764648 1244.92382812
529.550842285 1371.11669922
521.166381836 1156.59399414
475.595916748 1240.27734375
633.186340332 1395.33117676
657.723083496 1328.63256836
611.755554199 1225.51806641
242.342849731 812.735351562
627.969360352 1452.0456543
414.339874268 1039.28759766
527.537475586 1311.48095703
329.58581543 1514.84472656
610.647277832 1234.84838867
621.89276123 1777.04626465
612.3671875 1457.38476562
563.818725586 1268.76647949
495.300476074 1403.34204102
331.448974609 1482.97521973
442.540924072 1193.52282715
350.445709229 1489.20739746
452.17300415 1323.33850098
358.343017578 864.390197754
525.751342773 1250.74133301
579.461364746 1301.60717773
598.280822754 1213.71679688
355.389648438 1000.58154297
576.618713379 1394.16772461
474.170410156 1323.9798584
511.310028076 1418.21240234
664.899291992 1600.72851562
488.825439453 1351.24658203
630.505249023 1261.32763672
229.523956299 1099.29638672
559.704650879 1235.71875
504.617340088 1192.27856445
466.459472656 1504.23852539
676.079406738 1693.11132812
470.102813721 1303.16809082
421.957183838 1039.17700195
415.891540527 881.352416992
628.408447266 1399.66906738
422.605499268 1193.87939453
617.318664551 1410.90844727
615.337646484 1262.35754395
585.934204102 1291.33496094
482.240692139 1334.89379883
468.266387939 1425.12438965
603.128967285 1398.02758789
627.716064453 1499.11560059
208.541091919 1926.03295898
646.327941895 1304.4050293
596.308349609 1242.60314941
227.354690552 1663.13317871
285.194641113 1091.15332031
531.621948242 1365.0748291
406.343353271 1068.4967041
331.486114502 1600.43225098
377.501190186 1570.90759277
243.631958008 1227.33752441
623.620422363 1450.41113281
635.919921875 1352.26452637
606.169128418 1276.85852051
387.035675049 1191.49353027
602.837646484 1311.18151855
596.810546875 1581.1796875
208.179946899 1176.5135498
352.250366211 1449.10290527
601.778137207 1436.35290527
563.147155762 1348.93701172
424.689819336 1484.92907715
629.417175293 1467.77648926
242.58203125 1130.30847168
535.286865234 1272.01550293
714.441223145 1566.20544434
245.858596802 923.956542969
214.067276001 1087.24658203
580.257568359 1413.83251953
651.020874023 1309.27380371
276.094268799 1751.89819336
365.064941406 811.661621094
217.47644043 1957.64575195
367.54208374 1288.13000488
551.429870605 1383.91638184
487.546905518 1247.87231445
644.084350586 1276.62243652
210.793197632 1010.23699951
576.476501465 1247.82580566
457.300079346 1183.91235352
422.917327881 1024.04248047
226.756134033 1166.12231445
608.481811523 1419.5489502
538.609130859 1226.11865234
432.411407471 1041.5567627
521.208618164 1140.5234375
207.027359009 1717.33007812
616.365783691 1378.95019531
561.846008301 1416.86242676
677.132385254 1371.16381836
617.310241699 1359.80541992
696.096740723 1475.25256348
560.202941895 1378.46948242
628.541748047 1415.96789551
591.949279785 1278.36218262
571.394165039 1298.85864258
623.965393066 1348.81994629
465.352386475 1217.07543945
605.430541992 1221.93469238
580.79119873 1314.25463867
611.083129883 1408.02807617
625.835205078 1389.22753906
377.987518311 1495.95483398
431.628082275 1052.31347656
347.04977417 977.847106934
683.104614258 1585.88354492
515.336181641 1250.19836426
602.230529785 1344.60522461
597.933776855 1156.24707031
509.25982666 1135.35461426
623.02722168 1745.4901123
265.984741211 1744.57641602
408.49230957 1456.70788574
417.593902588 1239.89526367
573.831115723 1371.80297852
645.108032227 1365.84558105
514.028686523 1458.09802246
459.849761963 1101.76269531
400.02053833 1528.54589844
207.647247314 1168.10058594
253.305633545 1636.60095215
513.77722168 1499.66796875
434.401092529 1051.15820312
510.44152832 1241.62792969
438.864227295 1446.37329102
460.499816895 1100.58532715
772.248657227 1615.8059082
424.407928467 1148.42468262
610.123168945 1627.39807129
609.427001953 1344.97705078
202.841293335 1228.14782715
470.045684814 1165.57775879
655.763549805 1316.15161133
294.956970215 1635.58312988
551.055969238 1428.12011719
557.65032959 1441.81005859
705.177429199 1395.17114258
547.604919434 1115.16467285
575.050415039 1261.08813477
441.603729248 1083.30493164
473.259002686 1236.56262207
246.929824829 1276.2668457
619.777587891 1828.03466797
704.04309082 1588.4119873
604.249145508 1530.37695312
466.730377197 1345.44885254
307.201721191 1191.58154297
611.677185059 1351.12268066
489.468383789 1432.64099121
260.436828613 1115.44763184
412.667694092 896.374511719
593.878356934 1314.8848877
617.165100098 1569.56982422
578.027832031 1375.5390625
515.715332031 1183.97180176
358.855438232 1514.82263184
504.806884766 1155.75317383
618.195983887 1296.45202637
622.489440918 1708.76025391
215.883163452 1957.77087402
288.368225098 1606.78747559
305.689941406 1183.69458008
433.125762939 1052.12060547
646.872558594 1329.09753418
603.672546387 1533.12451172
654.388427734 1406.87438965
681.608764648 1611.01379395
588.257751465 1281.97094727
456.80078125 1344.29260254
478.573944092 1169.86022949
344.089019775 850.618774414
634.938720703 1271.06298828
677.098815918 1388.44238281
244.032333374 985.827819824
245.822845459 1087.44213867
401.40713501 1094.26318359
299.668762207 1122.0255127
663.779174805 1458.91650391
595.897399902 1233.3416748
423.162628174 930.312194824
518.010498047 1371.60192871
430.407989502 1545.4810791
554.390686035 1224.75671387
434.117248535 1050.52172852
659.429870605 1369.26403809
373.318572998 1313.63635254
464.905609131 1209.59240723
605.553527832 1465.89624023
626.402893066 1269.55786133
484.90423584 1345.5949707
490.385498047 1324.66333008
459.437713623 1145.60534668
582.100952148 1450.93664551
722.15612793 1638.05493164
667.604797363 1496.66784668
469.901580811 1075.65856934
635.252502441 1401.04858398
622.713317871 1462.88830566
383.373260498 1470.10571289
622.688842773 1351.80981445
388.350891113 1433.77355957
533.484802246 1349.8515625
683.535583496 1567.13769531
375.669433594 1639.99645996
217.778915405 1168.08068848
458.67388916 1045.03283691
676.198425293 1449.6394043
643.777893066 1496.60095215
477.256530762 1186.4765625
612.167907715 1344.08093262
560.43371582 1176.2442627
647.085021973 1483.14428711
432.706115723 1041.52636719
603.702026367 1607.4152832
585.641723633 1468.33435059
612.978637695 1356.84814453
532.262878418 1163.51428223
681.403442383 1394.44665527
642.833496094 1324.97375488
595.585266113 1331.41918945
478.085266113 1060.12890625
387.223327637 1543.53625488
458.689300537 1428.04650879
453.553070068 1241.58837891
675.100646973 1356.45629883
1409.30212402 1929.22070312
228.401321411 819.43762207
605.278198242 1379.09277344
567.894592285 1241.15393066
471.165710449 1276.23168945
538.085754395 1329.98474121
375.146881104 2132.44116211
668.110473633 1486.94726562
634.685302734 1283.92150879
318.977966309 1381.80322266
588.004150391 1443.77856445
650.639526367 1306.89770508
612.23059082 1872.71630859
241.229003906 885.197692871
361.993804932 1617.24658203
533.32409668 1226.17993164
609.34552002 1508.78320312
526.091003418 1230.77050781
574.664794922 1320.22460938
651.45111084 1746.04284668
571.959228516 1217.00085449
655.560791016 1476.67419434
433.652984619 1403.61450195
433.430114746 1546.02807617
667.299682617 1640.23803711
456.642791748 1165.46142578
543.099487305 1135.01733398
679.07623291 1365.19970703
218.330123901 1142.12268066
368.552093506 1504.40222168
513.206298828 1104.54870605
351.831726074 1577.72241211
448.773071289 1272.95043945
727.370056152 1574.88549805
592.898132324 1218.92773438
639.429870605 1432.29772949
630.763061523 1254.71984863
580.010192871 1217.22216797
326.614318848 1648.45141602
641.232666016 1374.83361816
402.520568848 1194.98803711
521.33203125 1203.27026367
425.250549316 1575.18469238
614.516601562 1342.1619873
534.380371094 1385.03564453
480.242431641 1217.21118164
532.131774902 1273.83117676
533.405212402 1055.22167969
496.4949646 1357.97753906
693.027770996 1539.16052246
233.711837769 1076.50048828
603.75592041 1414.65441895
556.520019531 1157.21228027
658.446838379 1367.64501953
541.299255371 1148.26367188
320.159057617 959.25177002
631.335632324 1202.18615723
575.641906738 1375.11645508
492.395050049 1070.97839355
662.145202637 1390.72351074
433.606018066 1094.74060059
332.861022949 1123.71606445
638.408996582 1428.04248047
603.249755859 1319.56726074
389.812042236 867.116333008
565.311828613 1210.43127441
437.400665283 1065.74694824
676.395141602 1623.97314453
590.222839355 1533.36291504
618.559204102 1654.97497559
662.452758789 1465.09997559
473.629211426 1250.80871582
694.28729248 1373.0949707
560.16998291 1180.79467773
518.042480469 1269.12487793
560.791748047 1153.94384766
547.436157227 1375.22595215
631.404968262 1463.34033203
475.224151611 1350.74133301
623.869384766 1403.97900391
261.697784424 1700.32653809
213.185256958 1659.72058105
246.17199707 1149.77722168
511.106140137 1163.1875
657.608947754 1325.20483398
434.095581055 1068.15356445
605.629577637 1476.99487305
217.408035278 1371.24487305
590.754333496 1277.47229004
422.806091309 1381.9621582
672.591796875 1391.89343262
401.022857666 1316.51855469
644.332641602 1296.62890625
214.969467163 1055.31970215
425.024841309 1039.59228516
466.454437256 1010.23974609
624.194030762 1350.41259766
618.737304688 1393.10253906
218.627166748 1702.59033203
475.168151855 1252.86352539
270.1222229 1083.58825684
248.066955566 1149.39343262
461.006500244 1280.40686035
640.176879883 1359.3927002
542.086791992 1300.02624512
456.35055542 1260.69250488
320.54309082 1661.94641113
434.202728271 1012.07177734
608.070739746 1335.67687988
609.934326172 1242.31481934
511.334014893 1113.90307617
414.012084961 1477.50866699
398.352722168 1381.89221191
459.316497803 1294.10290527
400.044067383 1085.83557129
582.759521484 1437.64465332
622.776672363 1354.34020996
372.684020996 1469.57250977
490.831726074 1217.18579102
200.820114136 1380.84729004
639.768676758 1595.79724121
609.327636719 1322.82629395
475.122314453 1194.49890137
630.598876953 1289.9465332
190.811843872 2494.86328125
655.165710449 1325.80505371
675.549194336 1451.44995117
617.905883789 1419.30554199
477.881652832 1076.51000977
637.559631348 1353.05639648
218.783554077 1118.37744141
249.30090332 1110.38598633
227.208282471 1693.52050781
609.490356445 1268.17236328
504.02243042 1583.85461426
656.768859863 1610.3704834
630.594177246 1682.75915527
467.967132568 1135.79675293
636.743469238 1302.75500488
430.40637207 1474.73303223
201.433242798 1038.37036133
584.970458984 1280.7734375
199.643692017 1172.08544922
392.838562012 1252.78173828
582.486938477 1215.79138184
412.799591064 1392.3494873
468.717834473 1055.32714844
249.486999512 1108.84008789
620.114868164 1563.28527832
200.52355957 925.226501465
520.248596191 1281.76000977
647.161743164 1278.00390625
352.168518066 2200.51513672
639.698242188 1448.47180176
578.618652344 1396.62182617
545.243652344 1214.77966309
358.532562256 1710.92590332
298.528533936 1015.3380127
568.60144043 1351.97851562
611.829650879 1506.27954102
688.315612793 1514.88122559
283.335876465 1666.7454834
650.975891113 1482.6217041
616.840393066 1441.06115723
622.664550781 1246.33337402
449.014831543 1056.48669434
500.0 1500.0
458.360473633 1334.33190918
662.926025391 1422.2220459
608.18737793 1406.25097656
636.385375977 1597.48242188
437.946502686 1227.8059082
416.059570312 1192.61535645
543.937744141 1186.85131836
241.742111206 957.255371094
632.00994873 1325.34643555
428.275939941 1230.31958008
494.995422363 1132.78967285
534.233276367 1161.94055176
600.894226074 1452.0390625
467.804504395 1399.35644531
419.534637451 1564.86706543
423.355865479 1029.11206055
564.125610352 1197.64221191
664.658447266 1737.47229004
658.784973145 1367.71936035
501.930145264 1193.72949219
208.604476929 824.411865234
213.242218018 1284.35266113
607.953979492 1341.90734863
553.164794922 1260.7232666
634.116821289 1558.36779785
683.036865234 1639.94482422
1222.3059082 1572.8001709
527.606933594 1175.77990723
560.806152344 1339.38549805
552.875061035 1149.68383789
660.688537598 1335.77172852
210.206344604 1001.97564697
628.293762207 1350.95483398
518.90447998 1483.2277832
461.530578613 1290.77978516
637.607543945 1318.84545898
629.517333984 1518.86328125
682.36920166 1600.13330078
463.683074951 1498.01489258
628.327026367 1321.38818359
459.480682373 1287.45568848
613.142883301 1144.39050293
490.1980896 1201.48950195
222.334320068 1479.31811523
660.276794434 1511.69946289
681.372619629 1343.8638916
518.877319336 1130.81933594
662.550231934 1398.15991211
639.394775391 1316.90246582
579.523803711 1484.33959961
360.484039307 1100.07861328
631.747619629 1520.88793945
670.186035156 1380.34741211
269.41104126 1643.38537598
604.676574707 1298.35522461
521.104248047 1230.8458252
649.62512207 1608.69555664
455.88861084 1130.66174316
610.192016602 1306.78381348
382.160095215 1111.08532715
378.100067139 1104.13232422
564.6640625 1385.91516113
404.224456787 1426.32177734
321.899780273 1752.53820801
597.895629883 1381.35058594
650.626159668 1586.07873535
472.019622803 1206.53137207
608.362426758 1452.24047852
611.92779541 1241.70605469
723.788452148 1364.46508789
410.49987793 1023.91003418
678.614318848 1488.49572754
417.707611084 1592.67297363
589.607116699 1216.42590332
624.154785156 1357.88830566
544.303222656 1322.49572754
520.873535156 1287.39587402
412.381103516 880.691223145
575.120483398 1244.86828613
580.001098633 1379.67578125
421.785217285 1245.67089844
429.409698486 1231.34350586
240.182052612 1056.46777344
529.012023926 1255.69213867
752.948730469 1713.59460449
288.753143311 1547.84387207
599.593139648 1387.05371094
594.566162109 1394.24780273
316.006195068 1007.3581543
416.727081299 1541.65332031
477.91708374 1224.21069336
212.285751343 897.639343262
689.164550781 1603.88806152
323.524261475 1005.69281006
623.030212402 1252.30175781
516.47265625 1460.69384766
701.697937012 1462.96899414
627.556945801 1496.70214844
540.763183594 1343.57019043
228.078338623 867.786132812
583.48034668 1187.35742188
606.808654785 1372.04846191
623.345031738 1287.17370605
554.776916504 1251.92553711
626.291320801 1520.82470703
547.12097168 1341.06982422
266.999237061 1106.93591309
739.852661133 1605.87902832
409.061798096 1003.92382812
587.577270508 1282.74414062
579.600463867 1269.14880371
606.360229492 1267.37475586
515.474060059 1032.98803711
619.327331543 1435.89758301
229.746017456 913.867736816
389.613250732 989.717590332
538.039978027 1231.19628906
238.774185181 874.182434082
591.911010742 1388.38122559
624.366516113 1276.7467041
632.939453125 1257.34216309
596.887329102 1290.18103027
525.436218262 1271.34387207
474.978546143 1513.96520996
513.346374512 1272.80334473
335.372161865 1557.24914551
230.32824707 1080.58032227
647.085449219 1508.01245117
517.784484863 1435.93615723
416.902618408 1019.46392822
605.142578125 1287.85437012
484.160827637 1008.53955078
308.295349121 1668.1574707
516.965393066 1144.24353027
287.689208984 1109.59985352
212.861160278 805.852233887
386.250488281 1544.74328613
580.085693359 1221.53955078
503.111175537 1197.5859375
547.910095215 1134.8848877
518.981384277 1202.7512207
682.571166992 1384.72961426
649.880737305 1488.56994629
537.734802246 1202.96166992
583.921325684 1246.55371094
412.641784668 1567.2598877
352.428863525 985.461364746
456.846618652 1138.15637207
658.290405273 1480.92480469
474.754486084 1203.75402832
635.388183594 1405.27612305
606.88092041 1417.43310547
267.834960938 1548.21008301
455.103881836 1475.25134277
502.571350098 1235.02746582
622.526733398 1631.0480957
400.513916016 1064.07006836
392.299713135 1177.80102539
432.284973145 1079.79077148
580.25201416 1221.78918457
623.108154297 1304.21142578
708.52911377 1420.50048828
602.846740723 1224.8659668
592.783203125 1216.8125
653.628601074 1328.61193848
