1070.33154297 1494.82531738
1327.39807129 1495.03259277
988.148864746 1634.7791748
884.293151855 1384.41589355
819.847717285 1288.63122559
374.453369141 1601.0612793
401.60748291 1317.0534668
1087.4107666 2053.4074707
340.107269287 1714.45043945
743.198486328 1760.37463379
839.892028809 1303.17285156
826.72442627 1754.7298584
651.765136719 1818.77490234
1012.62896729 1697.07666016
406.864746094 2247.19946289
740.118103027 1750.56542969
748.587524414 1733.875
893.676452637 1370.08837891
844.878173828 1384.19116211
895.911132812 1523.76818848
252.732543945 1708.50512695
507.038726807 2004.2487793
451.488708496 1823.37597656
858.377746582 1602.58496094
683.790893555 1654.44689941
1002.04504395 1576.91943359
352.10534668 1340.22265625
824.901672363 1308.14331055
441.672241211 1942.84716797
336.272521973 2296.68481445
457.702484131 2106.37207031
910.390136719 1501.5847168
445.362335205 2340.84472656
845.897827148 1687.28259277
945.401062012 1620.79003906
321.741577148 1705.50231934
883.79473877 1603.42419434
976.740905762 1605.38659668
367.203857422 2039.79125977
453.835571289 1891.40881348
472.048919678 1447.80151367
897.325195312 1555.61499023
860.465942383 1590.62390137
605.239562988 1801.49963379
406.805084229 1816.68676758
720.280944824 1816.3873291
836.715759277 1730.21276855
236.506866455 1763.5177002
763.086425781 1554.14465332
394.177978516 1702.46154785
858.583251953 1343.39367676
206.032974243 1726.58825684
523.205932617 1759.53857422
615.449157715 1719.375
484.336303711 1359.38000488
258.239624023 1512.52001953
671.095092773 1829.90808105
437.750274658 1923.39660645
936.270141602 1554.70690918
899.667602539 1353.93286133
521.791442871 1725.12609863
427.05178833 2059.7902832
381.18182373 1372.72546387
864.001831055 1453.41247559
861.995910645 1618.60681152
895.077270508 1686.2442627
783.630554199 1204.87304688
420.098480225 2015.98474121
410.76864624 2009.88842773
917.209228516 1363.70727539
914.504333496 1541.96179199
871.130493164 1358.3215332
864.624755859 1531.57043457
816.718505859 1253.58007812
814.246337891 1702.94421387
466.625213623 1803.08630371
274.616027832 1792.79553223
383.359130859 1425.33166504
447.604705811 1667.7265625
632.004943848 1971.03027344
409.7862854 1743.01477051
423.100402832 2013.67236328
433.300323486 2193.22363281
707.642822266 1830.95532227
446.23739624 1660.12060547
885.001220703 1331.90466309
463.001312256 1475.82275391
842.966247559 1386.94970703
594.075866699 1832.89709473
994.289489746 1510.73168945
965.511413574 1389.70532227
1165.86938477 1518.10351562
771.018981934 1242.35217285
852.87286377 1707.52478027
753.918762207 1262.76501465
519.27142334 2047.88757324
928.023925781 1602.72045898
420.428253174 1870.54333496
413.667449951 1780.40673828
856.890258789 1334.55187988
908.350830078 1441.08666992
388.528259277 1865.67504883
862.393554688 1682.01916504
636.744934082 1802.66345215
371.60458374 1675.70080566
919.613342285 1449.87072754
434.985168457 2157.1652832
824.66204834 1742.22180176
862.668701172 1611.23388672
1003.78326416 1580.63708496
817.579223633 1777.12805176
822.241821289 1743.56799316
408.505096436 1614.27233887
915.723632812 1406.35253906
941.709533691 1578.91296387
617.889709473 1797.5625
724.546081543 1656.35021973
987.110656738 1366.68713379
747.782348633 1835.30493164
565.550964355 1764.76635742
389.011535645 2159.36401367
473.665710449 1490.15612793
877.48828125 1547.97167969
929.59173584 1496.65710449
888.864440918 1513.66503906
905.991210938 1655.63745117
896.760131836 1346.4699707
443.334533691 1570.27380371
876.522766113 1644.03503418
724.602050781 1878.7310791
889.982910156 1330.10742188
885.182373047 1404.07287598
433.500946045 1994.91784668
422.231567383 2156.1394043
852.522216797 1645.9979248
927.443786621 1520.61010742
895.375366211 1386.93798828
337.24710083 1727.7298584
853.900695801 1411.76550293
754.865600586 1791.4888916
872.964538574 1540.70080566
425.610595703 1433.07727051
878.869689941 1436.8215332
427.709289551 2141.90429688
383.373657227 2059.7565918
421.964263916 2154.76196289
344.817565918 1946.5546875
383.314544678 2199.00976562
413.041107178 2194.43310547
206.890518188 1653.21313477
878.602966309 1351.31604004
859.422607422 1335.84020996
929.200378418 1356.11572266
1038.83337402 1552.5916748
433.875366211 2215.93969727
891.395690918 1626.30065918
209.368591309 1711.78283691
865.374816895 1310.88708496
1076.19909668 1622.04455566
870.90246582 1300.1373291
1103.02111816 1511.98962402
916.016357422 1527.46582031
907.142028809 1473.69787598
336.433746338 2288.01611328
473.062042236 1497.55187988
969.948242188 1330.0447998
238.316864014 1350.60583496
986.751281738 1719.09204102
469.618835449 2034.06628418
475.93057251 1925.39331055
811.106445312 1762.56567383
411.272613525 1760.98510742
810.291503906 1765.35571289
868.43927002 1378.20227051
911.432006836 1456.99328613
952.274230957 1831.94506836
414.120422363 1949.46887207
1034.76635742 1675.4375
436.57119751 2196.77685547
500.249511719 1906.8013916
889.348876953 1430.65246582
856.322875977 1613.85925293
1079.78198242 1660.8347168
227.880203247 1666.21337891
340.040039062 1395.18127441
428.563659668 1840.56604004
874.700012207 1372.57189941
330.3515625 1655.65112305
922.976745605 1730.7755127
914.460388184 1384.73376465
625.448913574 2106.59887695
838.858703613 1374.57324219
259.224975586 1769.20007324
545.434875488 1775.99841309
450.279327393 1542.55175781
801.10168457 1394.0559082
990.276245117 1466.46765137
820.767089844 1317.01037598
787.85144043 1762.86621094
1138.1217041 1540.5604248
1079.21166992 1585.38708496
841.775878906 1642.34887695
893.946105957 1344.70898438
573.758972168 1686.38806152
923.415771484 1406.82055664
1149.69433594 1872.94177246
374.915466309 1819.18164062
889.684692383 1353.43908691
857.706054688 1391.77807617
372.3465271 1391.2409668
714.929626465 1677.85449219
832.486694336 1329.90161133
954.838195801 1492.45373535
803.08581543 1256.91809082
868.190490723 1685.85437012
891.27532959 1523.9699707
386.787506104 2285.12011719
416.188934326 1919.00488281
849.397338867 1641.71716309
950.967529297 1663.46887207
390.810241699 2343.39111328
393.05947876 2385.34545898
426.241088867 2003.81628418
1487.56774902 2215.63256836
929.142089844 1614.5982666
843.9140625 1663.99584961
406.264129639 1317.94934082
823.077758789 1441.48901367
960.640075684 1581.91845703
244.391021729 1746.92895508
759.222900391 1344.65429688
877.254943848 1653.84802246
343.086395264 1733.61645508
482.457458496 1814.33276367
765.99206543 1277.63146973
445.037750244 1863.16809082
380.176269531 2025.06176758
867.313781738 1458.54455566
865.630249023 1352.10803223
945.822937012 1383.83496094
895.347351074 1527.06115723
936.95513916 1476.45471191
730.527893066 1777.1628418
380.777191162 1732.54003906
827.400634766 1775.70263672
808.871337891 1288.72436523
830.317382812 1436.89343262
841.723266602 1328.36682129
1181.16870117 1624.8260498
636.359191895 1745.13781738
888.54901123 1421.75537109
414.463043213 2179.47094727
670.815124512 1891.61901855
590.11138916 2035.66906738
450.763885498 1918.63879395
781.368103027 1797.71252441
902.750305176 1417.85266113
742.428833008 1776.10070801
917.600036621 1613.09204102
615.800354004 1762.28674316
1102.49621582 1423.32751465
366.6484375 1609.8963623
971.845153809 1886.76257324
944.438354492 1410.61132812
783.183227539 1241.50610352
442.973510742 2313.20288086
809.505004883 1361.70568848
931.279846191 1690.5098877
418.901641846 2105.13452148
730.866394043 1850.11352539
1110.75012207 1727.14599609
297.501983643 1681.7208252
315.510131836 1840.54943848
935.638183594 1597.17199707
432.438201904 2098.01904297
919.567871094 1424.36376953
863.291564941 1622.32617188
297.112060547 1692.90563965
449.80569458 1666.25268555
877.247619629 1433.50549316
620.600769043 1779.43334961
819.297058105 1678.3449707
1145.34118652 1567.45739746
627.847106934 2052.62524414
392.012969971 1829.62524414
277.437561035 1876.81115723
412.210571289 2208.21044922
788.965454102 1948.67553711
742.311157227 1750.52197266
404.603302002 1772.2244873
907.305908203 1630.65136719
583.214111328 1422.69140625
368.374176025 2230.50952148
874.838806152 1596.13562012
417.914520264 1820.34838867
831.866577148 1640.01135254
914.777587891 1530.12683105
860.032897949 1350.54541016
416.876800537 1926.05688477
217.776107788 1611.0090332
1009.09814453 1628.15063477
869.020874023 1379.03967285
459.974334717 1712.63134766
944.273010254 1591.5826416
875.040771484 1341.85083008
397.73526001 2053.13305664
901.676391602 1387.75549316
952.147644043 1523.75708008
841.692199707 1754.69055176
906.47442627 1573.14135742
459.150238037 1826.92565918
368.968048096 1586.68164062
846.76776123 1387.78344727
463.073242188 2157.41723633
161.644973755 1651.06848145
438.171295166 1777.6015625
1069.30126953 2103.67431641
839.48260498 1338.80432129
931.862365723 1505.3260498
937.273376465 1660.49499512
908.356750488 1422.76672363
836.796813965 1375.85864258
798.851013184 1819.72998047
425.054626465 2090.26782227
204.811553955 2159.77978516
995.557373047 1536.0859375
375.62713623 1806.72766113
409.718688965 1893.15466309
632.56439209 1722.14929199
460.863769531 1935.47875977
906.531494141 1484.2956543
413.826629639 2233.1640625
410.483215332 1761.47729492
370.492279053 1411.9420166
688.585266113 1759.21594238
575.32434082 2087.96728516
462.069732666 2032.88769531
666.204589844 1642.04821777
1026.39172363 1679.2052002
218.340682983 1789.96057129
703.770996094 1740.07287598
470.065948486 1472.08691406
920.376647949 1623.0447998
461.776062012 1420.43371582
398.393310547 2045.93200684
366.970184326 1323.45471191
393.126922607 2232.91064453
410.358215332 2386.59667969
879.449829102 1485.8692627
315.971679688 1563.12854004
882.496398926 1451.37512207
930.981750488 1476.43762207
875.449401855 1509.29187012
544.226745605 1751.16186523
394.046264648 2273.44335938
455.979614258 1321.73376465
462.229553223 1358.16259766
603.992431641 1763.23352051
374.881134033 1633.77819824
903.79473877 1466.30273438
522.749389648 1905.63244629
807.210449219 1241.2010498
982.135681152 1640.58532715
1134.55444336 1680.20678711
884.598693848 1412.21618652
362.322723389 1853.48937988
390.42401123 1323.17565918
869.640197754 1353.67724609
979.988830566 2044.80297852
1007.34136963 1523.35510254
349.934906006 2138.79589844
897.63482666 1498.01953125
889.708435059 1462.9263916
860.857971191 1418.83532715
284.239746094 1650.70495605
883.874816895 1678.84118652
590.838562012 1808.58654785
1014.51141357 1639.46105957
910.987670898 1812.71191406
365.529632568 1914.04406738
472.041748047 1968.65478516
387.882415771 2227.97973633
340.146087646 2327.73120117
1075.52124023 1572.85949707
412.873657227 1737.09924316
854.186767578 1314.98828125
379.024017334 2090.6550293
426.365631104 2089.68652344
874.574523926 1589.41479492
989.020080566 1604.95483398
1123.8359375 1967.45446777
450.693786621 1457.34667969
892.823974609 1509.80004883
889.017578125 1432.99121094
430.363677979 1775.01257324
904.563720703 1383.54309082
406.621307373 1962.6784668
438.305023193 2039.88452148
743.811645508 1728.33752441
802.346679688 1228.87634277
381.208984375 1662.85632324
352.456207275 2257.70019531
511.445281982 1814.91833496
781.962890625 1322.11401367
794.198547363 1827.20092773
631.850402832 1805.65612793
369.134796143 1701.25427246
892.89630127 1335.75158691
585.926818848 1832.14599609
365.721710205 1665.50720215
434.874176025 1778.14562988
811.234313965 1250.58996582
916.836181641 1646.70129395
883.424255371 1422.82202148
747.641235352 1809.92504883
871.578430176 1357.88684082
490.631378174 1947.15368652
376.831359863 1788.58215332
430.963226318 1831.78857422
366.852600098 1724.00280762
869.73651123 1441.26660156
1120.58117676 1511.01159668
403.602050781 2101.36621094
374.901031494 1465.75231934
853.100708008 1357.53295898
873.589904785 1349.56884766
446.806121826 1879.73364258
941.350646973 1430.5333252
813.233764648 1358.26452637
304.485412598 1370.28979492
815.735412598 1756.30310059
932.050354004 1414.59179688
918.773010254 1622.89428711
446.765930176 1585.05041504
381.252075195 1724.94360352
377.982910156 2165.40600586
641.29864502 2051.70654297
866.899536133 1388.77612305
858.137145996 1654.92419434
918.952880859 1400.54321289
943.277954102 1459.65942383
344.500427246 1277.03918457
922.320922852 1421.7322998
505.845733643 1857.50610352
888.217102051 1377.13525391
853.841003418 1715.39208984
924.009643555 1460.3203125
496.896606445 1713.06469727
414.321289062 2218.0612793
420.565216064 1869.46166992
830.348266602 1694.30200195
342.380340576 1770.07751465
624.36907959 1947.98974609
936.054870605 1374.75708008
916.079711914 1398.65649414
529.056152344 1753.85168457
1124.88391113 1680.8371582
880.05871582 1333.14807129
671.402404785 1795.07702637
676.768310547 1816.43359375
485.622406006 1640.70141602
1004.74255371 1567.26550293
925.24420166 1361.68945312
888.081604004 1507.83776855
938.323974609 1604.51501465
853.114074707 1346.43859863
843.729125977 1680.1340332
607.030944824 1864.04333496
380.096130371 2332.03637695
884.154785156 1659.5123291
406.220306396 1773.18103027
476.002685547 1374.07800293
1014.41394043 1502.02697754
389.981689453 2250.40551758
842.134765625 1769.84777832
868.12689209 1357.13659668
870.913085938 1397.75488281
903.269042969 1487.58569336
402.320861816 1728.18823242
900.833435059 1467.50195312
922.483886719 1396.81213379
833.45916748 1293.81286621
479.622650146 2089.32397461
884.565673828 1421.50183105
430.903717041 2284.60864258
888.267272949 1467.84350586
258.574554443 1645.81652832
1124.89538574 1701.37402344
864.499023438 1368.1550293
711.677368164 1952.44873047
398.561309814 2037.78527832
199.417907715 1753.94848633
1211.83557129 1624.75537109
897.139587402 1353.79711914
880.727844238 1352.55505371
420.932891846 2038.74853516
423.8487854 2001.28125
381.090209961 1319.703125
388.90637207 2384.64599609
958.482666016 1869.63244629
404.611328125 1808.04333496
1128.2130127 1527.15563965
779.850830078 1687.453125
524.555053711 1499.11877441
1122.75402832 1603.41394043
659.081420898 1822.34143066
781.451843262 1240.65380859
418.89364624 2050.80981445
398.295715332 2219.32543945
429.408294678 2072.87524414
1030.28662109 1748.13256836
327.895965576 1678.70495605
474.300933838 1473.89819336
539.113647461 1505.71313477
951.980773926 1434.18591309
943.202392578 1722.1192627
351.085113525 1948.21350098
1005.22625732 1639.70922852
798.471496582 1712.92041016
943.291320801 1522.73376465
1033.00109863 1804.34362793
870.646362305 1467.05249023
418.891571045 2033.15551758
824.069885254 1544.67297363
877.085205078 1492.87890625
903.390014648 1371.43725586
1130.28894043 1657.54931641
899.48840332 1364.38769531
434.161560059 1926.71691895
1114.44567871 1523.86889648
430.5206604 1808.20336914
429.703979492 1929.31152344
919.306640625 1432.70336914
819.963562012 1342.26733398
756.413391113 1768.31066895
498.57321167 1951.27954102
402.169586182 2177.92456055
808.182189941 1320.45288086
874.589233398 1334.37255859
405.99420166 2112.90112305
435.932037354 1607.05834961
794.47064209 1667.27746582
876.564941406 1568.89648438
395.751037598 2173.07202148
937.574279785 1439.42358398
891.762512207 1515.80090332
922.794616699 1466.66247559
843.694274902 1689.11279297
650.255310059 1816.62756348
518.023071289 1344.0559082
859.830322266 1586.17358398
407.917602539 2130.05786133
504.101654053 1642.18103027
547.461364746 1359.56921387
437.207855225 1711.13879395
672.644470215 1909.72094727
1147.33166504 1636.15344238
431.585357666 2008.79833984
276.409118652 1368.79504395
839.697021484 1464.43200684
497.995025635 1818.71691895
236.34942627 1706.56225586
617.518737793 1906.92407227
865.209228516 1451.04797363
422.54598999 2109.91943359
241.876876831 1535.15759277
925.046630859 1483.38330078
461.150634766 1588.54943848
1044.18371582 1485.22668457
598.172851562 1841.83666992
858.163635254 1381.04907227
660.945495605 1837.23181152
410.937072754 1866.70031738
979.444946289 1413.73132324
892.202026367 1410.63696289
842.16986084 1326.89758301
871.325866699 1446.64196777
890.875 1406.04907227
408.913269043 1757.95898438
828.734008789 1652.32177734
1107.37060547 1663.61755371
550.244812012 1353.01623535
1144.6953125 1661.62463379
1068.8380127 1433.97106934
912.983459473 1394.24121094
372.027282715 1573.30175781
870.597412109 1573.3236084
271.385742188 1668.63623047
463.526062012 1832.9576416
428.296234131 1865.74353027
839.127319336 1622.98596191
841.719360352 1346.22338867
939.168823242 1422.20324707
823.042907715 1293.24682617
483.221405029 1831.88793945
802.834838867 1241.72717285
1082.38330078 1647.65478516
964.381958008 1561.47692871
952.450927734 1350.86779785
443.27041626 1677.31481934
785.91784668 1796.52624512
336.267669678 1782.96984863
695.344055176 1235.06469727
566.230712891 1995.87878418
602.659057617 1821.08630371
862.927978516 1480.41577148
382.214538574 1779.07458496
584.881774902 2015.56665039
581.248901367 1819.82080078
344.733886719 1474.50427246
701.692810059 1988.66027832
1110.02319336 1554.27954102
897.902770996 1580.35168457
766.926818848 1680.39782715
825.873046875 1272.6784668
468.625518799 1838.50622559
898.337036133 1639.55236816
852.846984863 1636.51745605
489.738250732 1789.25720215
468.525726318 1792.83203125
732.582458496 1680.67993164
998.542907715 1506.22131348
390.256378174 1774.85888672
252.341079712 1518.17785645
408.862884521 2127.09521484
821.309753418 1287.12634277
806.829284668 1349.87463379
836.848510742 1328.09436035
875.447570801 1500.57617188
439.662780762 1619.50292969
857.989379883 1532.34716797
746.098022461 1764.21057129
396.595947266 1847.14001465
760.668579102 1799.0402832
707.823364258 1530.20800781
843.809387207 1315.72302246
518.329162598 1508.74316406
856.264160156 1362.46154785
874.223937988 1437.43676758
373.628479004 1747.96447754
904.20703125 1443.58581543
913.963439941 1386.50109863
971.66418457 1470.50427246
826.983703613 1732.05932617
680.067138672 1634.68078613
780.02746582 1804.41674805
848.672790527 1311.32641602
670.349182129 1790.35339355
477.135742188 1476.4810791
290.476959229 1672.04797363
839.20300293 1472.26843262
833.657897949 1297.10180664
784.923950195 1713.12597656
378.13671875 1589.89038086
1165.92456055 1788.97497559
869.059204102 1570.55810547
400.754302979 2472.12084961
421.287811279 2042.94250488
816.664245605 1891.38366699
638.289489746 1802.66992188
269.758605957 1668.74597168
465.07333374 1739.61230469
356.094329834 1694.01281738
420.827606201 1805.31079102
405.48840332 2123.33251953
794.993164062 1242.57885742
912.351379395 1435.9864502
895.487426758 1362.37683105
406.127532959 2072.77490234
811.909667969 1318.49450684
297.716308594 1456.01574707
906.72052002 1424.07800293
348.091064453 1751.00415039
1101.05700684 1701.65344238
900.756591797 1660.70446777
557.336791992 1842.32592773
883.881530762 1344.19445801
945.194702148 1512.41223145
878.051574707 1597.77160645
352.853210449 2201.54003906
428.462158203 1354.10546875
482.328430176 1892.12854004
853.936157227 1294.20275879
390.173675537 1807.73181152
859.045715332 1321.20947266
1094.85119629 1643.79174805
215.232971191 1798.76916504
760.910888672 1824.14733887
1021.61694336 1647.76989746
972.97869873 1956.46508789
463.946258545 1712.45141602
827.786315918 1664.71008301
934.431884766 1440.41369629
853.903808594 1319.51379395
1015.58276367 1608.30200195
836.829956055 1590.08886719
464.283905029 1405.10021973
824.894104004 1707.54956055
806.579223633 1310.8972168
226.767105103 1671.42602539
834.707275391 1784.84936523
819.445251465 1344.9152832
802.190856934 1730.57080078
567.565551758 1689.2322998
352.317779541 1773.15039062
451.795043945 1796.56872559
832.99597168 1716.07727051
530.22857666 1486.03222656
502.59979248 1488.1126709
968.580322266 1619.54663086
795.131286621 1552.53015137
397.639923096 1317.89709473
826.359436035 1301.09863281
656.412780762 1995.65319824
930.204467773 1606.63134766
928.20123291 1483.06176758
403.744842529 1618.52929688
411.662445068 2181.30566406
984.403381348 1479.33972168
380.624755859 1341.89440918
877.707946777 1336.54541016
616.267883301 1785.57263184
896.156066895 1362.2376709
1035.1940918 1572.42102051
891.03338623 1568.94750977
829.441467285 1667.30407715
573.092285156 1642.38354492
656.638977051 1742.01904297
855.565917969 1400.38830566
461.324462891 1806.70129395
442.030761719 1482.00024414
856.435058594 1530.49499512
470.070220947 1774.46984863
370.861907959 1661.80688477
359.229736328 1845.45275879
