411.512878418 1769.4317627
432.829986572 1790.12609863
331.201904297 2359.80493164
453.429260254 1876.26330566
402.953338623 1879.73474121
407.678894043 1963.57971191
419.611480713 1816.43566895
438.092498779 1879.0579834
427.639831543 1858.43041992
384.730865479 1936.50427246
411.902862549 1715.72106934
306.952758789 1828.16235352
451.195495605 1931.47546387
435.383544922 1803.5904541
371.764282227 2376.40625
419.473968506 1952.72790527
418.686431885 1751.50402832
440.307769775 1764.38269043
418.28427124 1946.51245117
393.096740723 1771.40625
454.624755859 1837.78967285
404.327301025 1886.24572754
391.315216064 1541.88195801
422.116943359 1739.14208984
402.238189697 1871.62060547
343.9347229 2358.26733398
370.856018066 2362.77734375
370.58996582 2343.2578125
416.320556641 1851.53503418
332.57321167 1833.92456055
435.408050537 1745.7487793
407.929016113 1776.59277344
354.576507568 1909.0098877
388.612884521 1422.83630371
357.246887207 1727.95544434
400.096313477 1787.96960449
430.74130249 1617.14660645
405.138366699 1872.60864258
344.075286865 1592.84753418
428.430236816 1920.86425781
353.753845215 2337.91601562
424.49118042 1904.48400879
391.527038574 1784.41479492
370.85446167 1834.8807373
294.764129639 2338.85351562
431.748260498 1805.53637695
470.819366455 1718.19885254
405.754150391 1544.79138184
365.763549805 1929.65478516
409.511169434 1771.00500488
432.641967773 1774.57397461
339.014678955 2302.20825195
458.113800049 1905.07617188
457.52935791 1795.05407715
271.593994141 2306.5222168
424.507873535 1773.18151855
457.557098389 1773.6583252
409.437591553 1846.36450195
443.791534424 1735.55615234
420.674682617 1851.06213379
352.565979004 1754.64831543
391.598968506 1774.19836426
451.090179443 1851.70922852
421.831542969 1784.38220215
368.841918945 1728.52050781
435.532104492 1781.02062988
308.742614746 2204.98974609
401.580810547 1774.0123291
411.467926025 1738.10424805
434.018676758 1742.88366699
370.620239258 1698.00024414
365.579040527 1848.33874512
397.910614014 1747.27783203
361.065979004 1717.84289551
347.824890137 1721.0637207
272.552032471 1895.51831055
337.742858887 1683.7454834
405.125762939 1891.06518555
403.226745605 1781.54772949
341.687469482 2442.84130859
408.454956055 1903.36010742
317.217285156 2201.0
466.377960205 1808.26733398
308.205200195 1668.90563965
464.269744873 1843.42675781
417.139587402 1781.1217041
370.004455566 2342.78515625
440.985870361 1812.62768555
344.59552002 1671.64575195
428.495422363 1767.11242676
348.083068848 2261.22167969
458.36038208 1802.69494629
409.216308594 1762.56298828
426.230682373 1733.5447998
437.278289795 1751.64990234
418.565917969 1784.99182129
428.209289551 1837.46276855
270.756591797 2414.62329102
389.651000977 2306.45678711
369.731964111 1975.33703613
332.5050354 2264.47973633
426.873168945 1797.19726562
426.981781006 1782.06762695
