434.407165527 2084.43530273
403.733032227 1896.71081543
401.161346436 2537.32568359
446.669433594 2461.109375
505.623596191 1697.16418457
304.87097168 2377.12646484
407.216918945 2423.22680664
431.739074707 1935.74902344
427.555419922 2496.75341797
350.506713867 2277.03344727
402.313903809 1799.34643555
419.664672852 2460.70117188
400.690704346 2360.97729492
420.226226807 2369.05322266
436.859954834 1543.21057129
799.768798828 1912.69274902
460.457580566 1797.49084473
466.855102539 1924.76318359
318.321105957 2602.50488281
368.479827881 2632.07617188
413.240203857 2421.79614258
431.084289551 2414.73730469
416.048126221 2316.71362305
429.74621582 2471.02783203
403.376342773 2435.90844727
402.198974609 2610.7277832
418.369384766 2357.77099609
427.316558838 1683.64660645
250.231277466 2312.9831543
368.222900391 2414.53442383
451.196624756 2433.50244141
438.173156738 2392.55371094
421.947814941 2525.54492188
475.100463867 2361.19995117
329.336181641 2583.16259766
440.0753479 1514.40380859
371.898742676 2546.5234375
386.987304688 1563.52429199
424.568786621 1917.3684082
430.353881836 1644.43725586
391.634979248 2328.3190918
407.445159912 2011.57556152
546.864746094 2331.26342773
435.091308594 1980.00097656
425.154327393 1878.16711426
412.498321533 2263.66723633
533.952392578 2261.34130859
469.367248535 1705.76757812
406.797698975 2321.44897461
458.96685791 1854.94433594
203.252059937 2601.93432617
407.660522461 1780.41845703
276.604675293 2659.59326172
206.67074585 2620.77392578
475.737731934 1977.79492188
422.066070557 2398.57519531
412.42956543 1984.6496582
444.82913208 1921.88439941
448.009216309 1969.2956543
395.933197021 2011.22814941
395.502716064 2292.98803711
464.672943115 1936.64562988
295.120666504 2549.99121094
407.175720215 2017.98425293
250.38734436 1827.32995605
461.902923584 1669.67834473
452.028106689 2445.54638672
366.950317383 2232.36010742
203.163574219 2666.9621582
383.369415283 2590.42480469
441.899841309 2011.27038574
579.225524902 2046.74645996
504.733520508 1591.21044922
392.536651611 2363.04614258
412.269287109 2235.13793945
405.805114746 2266.6472168
275.808624268 2289.56860352
453.430114746 2344.95092773
463.301757812 1900.43518066
393.537689209 2346.24829102
454.908782959 2440.78491211
431.251556396 2466.87280273
416.376068115 2086.87402344
258.149383545 1912.21313477
452.105316162 1781.79760742
408.268341064 2606.59301758
329.056762695 1123.81140137
465.714172363 2288.54345703
440.269622803 2039.36218262
424.250244141 2445.81445312
665.964538574 1810.56567383
465.72869873 1974.10717773
363.37677002 2490.01464844
209.370773315 2810.48779297
401.934814453 2200.71948242
435.096069336 1961.92163086
437.336151123 2466.80932617
431.451629639 2466.51391602
320.470123291 2304.17822266
420.358215332 2307.04663086
251.297424316 2552.21386719
406.849365234 2083.0559082
397.400939941 2462.41137695
409.780395508 1896.86120605
424.796844482 2473.32373047
436.443145752 1755.47253418
477.799743652 1622.09899902
304.367462158 2366.32006836
461.689666748 1851.06982422
440.971496582 2411.17260742
420.703155518 2481.64306641
456.187469482 1807.05749512
247.497665405 2685.50219727
452.32800293 1806.95483398
480.191864014 2224.06469727
420.683258057 2054.95214844
468.881591797 1842.42687988
407.8046875 2163.20458984
321.107330322 2129.14233398
278.180267334 2331.66455078
414.901306152 2071.00952148
195.111907959 2633.43139648
426.682312012 1766.8581543
409.923950195 2016.15905762
459.45513916 1567.91003418
411.272460938 2379.07666016
402.37890625 2551.52148438
463.656494141 2426.71801758
506.416442871 1545.25170898
428.519622803 1767.40588379
431.531036377 2423.52270508
481.810760498 1687.90649414
407.347290039 2377.46069336
322.258758545 2696.734375
437.586334229 1818.17712402
432.356719971 2459.24047852
381.27243042 2367.24951172
477.349578857 2273.77197266
450.782501221 2463.98999023
517.469604492 2250.49658203
233.211639404 1700.75561523
441.474243164 2099.22436523
413.187347412 1842.59411621
418.759490967 2535.28686523
332.06652832 2611.15551758
457.34387207 1660.48181152
407.475585938 2458.671875
191.267120361 2584.59863281
417.975646973 2163.43994141
407.380096436 2407.40039062
442.987243652 1790.18054199
242.877914429 2552.72119141
429.888397217 1494.33679199
440.424346924 1970.80004883
428.273712158 1942.32348633
471.65826416 1963.36730957
359.254058838 2438.88891602
403.154693604 2008.01208496
472.171051025 1970.7265625
416.82043457 1572.27722168
441.343933105 2044.77661133
366.061309814 2301.28564453
459.67175293 2413.58227539
406.3855896 2281.71411133
277.702789307 2017.54882812
453.122009277 1783.80114746
440.610046387 1955.44750977
419.901519775 2507.74853516
357.789703369 2695.62866211
414.832580566 2021.84387207
443.305023193 1972.10339355
443.386962891 2297.01464844
447.111053467 2293.33374023
626.248901367 2316.45825195
246.390899658 2343.37207031
606.434326172 2318.43579102
472.1769104 1696.55212402
412.254425049 2514.3996582
443.877563477 1731.29223633
443.285827637 2434.03442383
465.42086792 1842.14880371
427.975769043 2338.19946289
300.323638916 2019.66650391
393.230316162 2322.32666016
438.413879395 2261.29296875
416.844848633 1795.19665527
426.039428711 2270.89916992
442.085388184 2234.68725586
368.551147461 2565.0390625
235.879348755 2645.95166016
419.741394043 2466.92407227
210.36151123 2225.78051758
433.720062256 1485.75817871
345.905975342 2625.90185547
563.123596191 1908.93908691
354.848449707 2358.11206055
459.704071045 2080.046875
426.839141846 2223.4140625
515.604125977 1724.16662598
406.612548828 2589.85986328
248.528961182 2659.16870117
429.578582764 1820.0559082
415.703796387 1944.97875977
363.660186768 2003.8885498
445.614959717 1906.8873291
235.258605957 2650.31640625
406.263824463 2212.07275391
355.974609375 2696.67700195
424.659301758 2070.76831055
387.83114624 2407.80249023
471.343414307 2443.00170898
452.395324707 2082.52392578
379.707519531 2584.83129883
427.274139404 1886.7010498
362.204711914 2724.52392578
398.848297119 2406.5480957
406.516571045 2407.12109375
479.963562012 1660.23571777
448.829711914 2060.26806641
359.061553955 2518.54931641
422.165313721 2289.76489258
390.047637939 2328.86206055
411.180541992 1650.6796875
352.914306641 2536.7097168
395.535400391 2183.57348633
411.92590332 2238.92382812
410.61428833 1793.72045898
425.250488281 2251.4765625
421.938323975 1850.64013672
335.638671875 1995.07470703
474.506622314 1944.87524414
358.054351807 2486.96264648
355.826934814 1705.25366211
434.873809814 1886.8293457
419.751190186 2194.09912109
492.127929688 1876.20861816
448.92364502 2424.72021484
408.344970703 1965.16845703
386.964569092 2405.40283203
639.466247559 2288.48852539
425.310821533 2264.38256836
410.828887939 1925.84985352
439.146087646 1675.8293457
414.173828125 2339.86523438
310.557495117 1657.37341309
378.548522949 2252.703125
422.16116333 2274.34179688
361.436920166 2460.21313477
550.900085449 1687.7565918
423.84362793 1699.66772461
451.322265625 1978.25256348
439.882171631 2425.54785156
421.417327881 2482.67871094
216.347839355 2099.29394531
310.375671387 2598.81958008
425.285522461 1890.87988281
450.184631348 2057.29150391
477.113861084 1652.52282715
308.295013428 2019.22802734
444.884155273 2226.24682617
615.45501709 2302.83447266
427.304321289 1592.74401855
457.067962646 1608.64624023
372.434051514 2637.04516602
426.562927246 1906.12927246
377.537231445 2399.16088867
275.160675049 2760.06054688
415.664886475 2465.62792969
370.363098145 1304.57373047
239.354385376 2482.86791992
420.182434082 2521.7277832
362.202758789 1560.57348633
460.238433838 1817.31481934
411.049102783 1743.65490723
411.655181885 1794.05236816
429.761444092 2116.82788086
360.655944824 2351.31225586
406.639770508 2046.53137207
429.587860107 1767.95166016
447.179351807 2115.61157227
285.263061523 2183.66552734
502.679748535 1816.86804199
439.658966064 1874.04870605
402.520751953 1958.10949707
435.570648193 2300.11230469
656.895690918 1836.19311523
240.570236206 1099.5546875
442.208404541 2084.5637207
465.166137695 1802.41833496
249.198532104 2543.4387207
446.67791748 2229.86254883
402.195098877 2141.20043945
437.950836182 2201.66918945
354.051696777 2603.11376953
460.597167969 2012.42028809
416.707458496 2045.26855469
216.619308472 2568.91943359
476.045654297 1779.03869629
401.442962646 1766.98974609
416.406158447 2219.76879883
435.239959717 1709.28515625
444.830718994 1619.33984375
437.021453857 2245.18798828
475.455413818 2340.60375977
395.425262451 2274.59716797
438.139801025 2397.04785156
430.909912109 1918.51269531
446.039245605 2328.84057617
205.825866699 2669.04272461
361.144989014 2620.03051758
280.902008057 2537.83007812
513.09765625 1632.1027832
462.780059814 2376.66796875
409.371551514 1984.2767334
417.835144043 2422.88574219
443.447387695 1543.38879395
340.629974365 2614.94384766
419.525787354 2190.29174805
245.859191895 1781.28613281
222.32635498 2172.79101562
435.280609131 2228.16088867
350.803833008 2328.34179688
469.071380615 1748.04858398
421.944549561 2343.71313477
267.678985596 2507.62036133
449.812683105 2216.48730469
414.334381104 2172.52954102
365.820800781 2642.93920898
442.783966064 2425.6159668
204.008178711 2663.24047852
425.177185059 2108.05200195
421.129211426 2278.76049805
208.448532104 2645.14672852
360.281066895 2376.35986328
398.504608154 2397.85546875
441.157867432 2121.39404297
416.734924316 1522.28271484
422.856933594 2403.15771484
643.234985352 2233.78686523
409.352966309 1969.58483887
484.847625732 2433.14013672
358.055786133 2607.02539062
449.555877686 1451.38635254
418.258026123 2500.26977539
329.021240234 2410.19604492
446.343048096 2158.80932617
357.574676514 2214.44287109
431.648986816 1678.62927246
417.475708008 2337.60449219
387.125061035 2546.48095703
527.260986328 1656.23144531
421.437072754 2059.9519043
441.267150879 2383.03881836
423.955169678 1705.00537109
295.594360352 2590.11523438
412.079956055 1788.6394043
440.767211914 2183.71582031
245.012451172 2541.50292969
384.90914917 2267.11206055
463.854980469 1629.29431152
415.850158691 1710.61376953
425.294464111 1626.24316406
431.898651123 1810.74829102
409.570129395 2048.61206055
397.026885986 2576.38232422
439.057830811 2130.35864258
559.58782959 1805.21862793
410.623748779 1852.5592041
424.334625244 2490.39428711
452.966156006 1976.30651855
475.349243164 1922.42041016
464.176300049 2441.27246094
297.813018799 2591.33203125
397.84197998 1902.45336914
429.6875 2372.30957031
291.77243042 1141.91564941
452.069793701 2494.49023438
245.350250244 2412.33984375
244.311065674 1972.12683105
361.157623291 2541.73583984
411.017974854 1773.77819824
403.138671875 2419.49291992
429.496185303 1695.44433594
430.688293457 1587.60961914
459.72164917 1596.98120117
303.72756958 2324.94897461
422.640838623 1604.82299805
443.72756958 2421.56274414
421.081970215 1529.55126953
452.724212646 1903.0892334
413.505187988 2224.98120117
465.52444458 2161.14770508
428.036987305 2479.94628906
461.27255249 1900.76477051
435.03427124 2350.50488281
359.000457764 2632.875
438.821411133 2176.99121094
317.121429443 2192.01879883
201.933288574 2720.45776367
253.034713745 2368.96118164
424.407562256 2059.54614258
346.739318848 2416.70117188
287.107788086 2653.60229492
443.090087891 2089.87524414
407.663787842 2260.33764648
443.630615234 2361.35913086
432.393676758 2001.88952637
468.511169434 1945.59130859
433.229827881 1694.28540039
416.547241211 2158.51416016
409.657165527 2457.625
468.489898682 1709.42700195
359.037139893 2519.86499023
470.07208252 1900.99804688
370.618774414 2339.46533203
481.288696289 1722.82751465
298.439758301 2388.71557617
475.007354736 1706.13305664
471.414367676 1687.59436035
437.019989014 2306.39648438
401.26550293 1988.68676758
