369.826599121 1348.12207031
240.664581299 1124.6854248
434.361968994 2166.34619141
553.679504395 1496.53747559
197.412796021 1086.10595703
426.160736084 2057.48217773
366.157348633 1997.56298828
436.165008545 1533.67236328
348.555908203 1950.5625
373.077911377 2123.20849609
435.236206055 2025.31933594
276.358734131 1935.2208252
441.073791504 2020.8416748
402.391723633 1984.53918457
350.250732422 1583.66027832
410.256561279 1715.7833252
369.096557617 2163.30029297
212.757675171 1362.70275879
391.154022217 1904.04138184
433.959411621 1218.1776123
373.536529541 1536.45959473
190.846786499 1307.36132812
403.381286621 2169.84350586
381.991882324 1407.71484375
269.65725708 1411.26550293
208.29788208 1451.66687012
356.367797852 1785.57531738
668.138977051 1698.9173584
362.565185547 1696.09594727
368.369049072 1883.68652344
276.678222656 2033.03881836
443.253173828 2072.69335938
379.676330566 1691.74658203
394.097198486 1965.32177734
554.278320312 1289.17089844
203.114181519 1406.5994873
406.24899292 2067.55932617
404.728057861 2048.43676758
224.01574707 1172.37451172
400.105621338 1868.34277344
435.790496826 2233.18432617
394.107269287 1745.35046387
401.830780029 1999.02038574
392.202941895 1961.1517334
376.601287842 1922.21472168
426.857788086 2078.25854492
455.184753418 1189.09887695
399.017852783 1598.23620605
401.842498779 1637.37915039
323.024658203 1990.24169922
381.390899658 2040.50292969
446.828155518 2000.48474121
408.985839844 1839.98217773
368.795776367 2031.49804688
402.635803223 2178.14428711
325.028656006 1708.50109863
297.030975342 1448.09680176
414.810424805 2228.59106445
390.918548584 2004.8717041
386.101806641 1695.43054199
426.186157227 1298.71142578
415.610046387 1804.33276367
381.565734863 1741.86694336
228.234237671 2182.69824219
408.155426025 2158.76318359
188.340423584 1414.49279785
228.777023315 2189.73706055
408.741516113 1900.43579102
390.893920898 1528.25415039
394.017181396 2232.06494141
403.222686768 2144.91845703
373.303619385 2033.74658203
417.178771973 2024.13464355
368.441955566 1867.9654541
401.676269531 2085.50024414
390.922180176 1939.2442627
355.333953857 1878.17248535
272.325775146 1879.75976562
414.796295166 1962.04211426
389.820678711 1247.17687988
196.529693604 1427.30322266
389.96182251 1890.96398926
440.707641602 2197.81542969
406.701629639 2110.23535156
375.899200439 2076.41870117
395.242462158 1712.65808105
449.866668701 1163.43823242
395.241821289 2029.78503418
382.389984131 2058.40649414
431.10949707 2022.73693848
409.184295654 1844.71862793
385.494903564 1890.25976562
234.547805786 2106.27148438
388.522186279 1500.35070801
441.156280518 1886.64135742
392.100799561 1994.76867676
382.786132812 1479.93811035
370.901184082 1496.01867676
379.755950928 2032.66064453
424.02835083 2145.26269531
241.744888306 1181.75866699
425.258575439 1616.4140625
347.258056641 1749.67712402
446.690490723 1885.89794922
321.021057129 2046.69287109
546.150512695 1630.4979248
294.99810791 1946.76623535
334.028686523 1989.80053711
433.717895508 2068.70605469
416.001983643 2199.32104492
382.712554932 1973.79980469
399.188171387 2001.79052734
433.603759766 2100.27197266
409.635253906 2203.03637695
430.161651611 1977.08398438
415.795196533 2110.01391602
240.36000061 2037.32861328
387.141204834 2181.96337891
319.629211426 1513.45129395
429.446411133 1817.99938965
346.116638184 1966.95397949
347.247772217 1939.82739258
303.087554932 2147.12426758
374.085144043 2095.86499023
644.498779297 1380.48022461
450.45501709 2095.50073242
1027.12915039 2446.12133789
240.672332764 1230.62512207
414.945159912 2081.59350586
408.407989502 1874.96374512
374.85458374 1335.55981445
217.414810181 1230.03161621
432.452453613 2023.79919434
355.275268555 2059.20336914
314.789398193 1950.35778809
374.247711182 1602.0435791
191.414535522 1070.10375977
401.80859375 1910.61938477
414.095947266 1934.8692627
425.422241211 1621.22070312
396.552307129 1946.63037109
201.884872437 1047.61901855
405.843841553 2182.20458984
418.387054443 2112.01977539
225.989395142 1139.63977051
398.360443115 2034.11560059
691.277832031 1361.07592773
398.186950684 2020.88452148
201.177978516 1237.3404541
375.9765625 1540.05224609
330.963409424 1620.00646973
319.073028564 1538.84094238
387.219116211 2034.50305176
232.276489258 1374.08972168
374.034606934 2112.52050781
363.871429443 1571.58435059
395.10369873 2053.10205078
284.532226562 1946.20861816
368.292999268 1845.67541504
427.759429932 2205.62597656
376.101531982 1853.48400879
314.784179688 1703.45837402
343.406433105 2156.0480957
252.704864502 1506.78588867
433.669891357 2270.17773438
411.217559814 2184.28222656
256.279083252 1889.03845215
281.491119385 2084.93774414
391.26272583 1968.79797363
378.022796631 1878.59375
342.672485352 2006.40734863
443.040588379 1361.39941406
369.584289551 1767.12487793
339.575042725 1817.21447754
388.608215332 1889.2487793
362.589935303 1631.92431641
321.817169189 2018.83117676
368.291107178 2213.27661133
255.005874634 1915.01916504
317.675231934 1992.6550293
441.161254883 1433.38171387
230.692764282 1254.93920898
298.735168457 1900.47802734
365.035858154 1959.25219727
559.922058105 1281.03210449
422.156341553 2136.47802734
360.132019043 1936.25390625
333.019836426 1526.88000488
271.90802002 1638.88781738
266.733398438 2058.03759766
407.745574951 2060.23852539
423.947052002 2102.73950195
429.318572998 1940.31237793
267.052215576 1184.78942871
241.528213501 1920.41040039
192.567901611 1013.57861328
402.771270752 2046.02124023
416.421905518 1908.96289062
388.871246338 2122.81152344
317.133911133 1559.20556641
393.216217041 1883.49084473
272.088867188 1965.29150391
239.181472778 1158.64733887
414.24005127 2233.15917969
401.976715088 2047.6126709
286.590454102 2057.63476562
330.122314453 1945.79516602
388.698791504 1743.40075684
402.843383789 2113.81958008
403.35949707 2050.19995117
225.397994995 1090.6418457
447.951751709 1937.99890137
364.357208252 1718.7578125
447.879821777 1896.8059082
219.915161133 1046.4888916
377.935241699 1785.19189453
345.707672119 1436.78759766
412.549530029 1210.61877441
403.310028076 1592.32250977
407.158966064 2220.7175293
359.113464355 1663.73022461
438.062561035 2109.73901367
318.137268066 1967.37658691
415.386993408 2070.4621582
437.837890625 2182.91967773
417.711547852 2058.06884766
300.66519165 1915.61254883
217.162826538 1377.59082031
298.859375 1915.3737793
413.530853271 2174.12866211
350.804748535 1131.42834473
229.569381714 1375.73681641
253.364227295 1997.52636719
401.152923584 1636.42407227
248.342269897 1167.85791016
448.406524658 2068.91015625
447.017608643 2045.48266602
389.943023682 1945.80786133
429.2918396 2071.80297852
315.409240723 1883.16369629
433.522216797 2037.43652344
430.92666626 2038.52209473
409.653259277 1951.27001953
445.491577148 1366.86706543
393.494171143 1889.90087891
414.939971924 1775.90930176
370.8515625 1427.90344238
443.681549072 2136.91967773
368.399353027 2174.2109375
365.760070801 2075.19116211
377.833007812 1959.82702637
430.785827637 2136.47045898
266.778137207 1521.78015137
312.63192749 1934.22973633
407.687805176 2076.31958008
207.316085815 1323.34765625
364.635528564 1727.01647949
434.446990967 1208.09228516
425.896240234 1423.19042969
328.492034912 1879.10461426
379.7550354 1640.23864746
386.982513428 2011.17346191
436.501525879 2078.06298828
239.466781616 1135.27539062
226.407592773 1195.80371094
345.087097168 1865.71154785
347.762969971 1611.82678223
395.500244141 1972.43310547
384.717285156 2011.96557617
671.720397949 1353.62902832
337.704376221 1525.32946777
379.1640625 2092.02661133
1012.32147217 1665.78198242
416.180969238 2052.42626953
386.765289307 2045.57128906
415.160888672 2164.06982422
289.435333252 1890.02978516
385.542205811 2100.89477539
364.855010986 1973.07141113
350.909210205 1852.80712891
362.805603027 2042.01147461
376.834411621 1894.77282715
413.091461182 2048.58325195
363.013397217 1475.265625
369.662384033 1733.01062012
354.344207764 1891.22570801
642.067504883 1347.71240234
379.390441895 1781.4564209
200.371170044 1263.97241211
321.149291992 1987.74194336
426.993133545 1727.7767334
384.740631104 1546.06408691
360.648040771 1544.74829102
382.262756348 2106.61206055
412.804473877 2087.99145508
192.677581787 1470.24926758
340.895874023 1871.33093262
388.673675537 1594.17626953
388.765106201 1943.22460938
241.676589966 1152.44689941
331.750854492 2027.15722656
417.884460449 2108.04467773
428.516906738 1883.50183105
423.388946533 1261.97851562
341.362640381 2259.14770508
387.147796631 1747.07897949
400.10244751 2015.84094238
326.379364014 2011.1574707
330.694824219 2168.10253906
446.179168701 2059.91918945
268.596038818 1491.67028809
339.887390137 2038.04321289
233.97593689 1145.01379395
376.058166504 1896.95532227
326.115020752 2017.7401123
272.660491943 1901.79943848
276.083587646 1099.12536621
453.39163208 1234.16674805
370.471405029 1628.56933594
383.524658203 1913.26757812
407.460754395 2199.58813477
347.938232422 1824.50769043
269.974700928 1967.97888184
353.932556152 1896.37182617
426.925048828 1993.20727539
380.466400146 1970.35400391
193.195510864 1548.9597168
376.003662109 1719.48364258
349.428466797 2103.14941406
416.309112549 2124.35205078
302.949401855 1985.08813477
393.031738281 2027.40881348
296.319091797 1910.25927734
