431.755523682 885.049865723
440.074798584 875.067138672
448.399414062 958.049743652
466.634338379 1531.875
461.894165039 973.722167969
450.910217285 893.717224121
422.779327393 881.481079102
503.830200195 1229.30786133
445.177001953 818.565124512
437.296051025 947.947814941
401.940185547 837.036865234
558.503112793 1043.90783691
545.502258301 1249.18310547
521.941650391 1156.23876953
466.421234131 1415.82189941
516.803100586 1281.54321289
605.668823242 1361.77734375
477.93661499 919.436645508
426.21383667 861.976013184
416.759613037 878.480651855
399.660552979 771.20489502
394.912506104 789.811706543
412.528808594 786.328369141
518.373779297 1105.82629395
488.88848877 1389.34655762
440.507354736 1114.48278809
438.052978516 927.191894531
424.090332031 1418.04431152
398.067565918 789.387023926
556.79083252 1130.76757812
381.109863281 772.107177734
470.396820068 1200.57873535
446.906036377 912.423706055
596.668395996 1228.92492676
408.916412354 807.164245605
504.735534668 1012.91143799
444.541351318 1070.78015137
463.867095947 954.690307617
473.316162109 1395.87854004
443.154632568 1435.26867676
509.180023193 936.448547363
466.297088623 1050.93811035
391.226074219 790.437805176
455.374237061 949.608398438
443.343719482 972.34173584
410.423614502 759.610595703
479.43737793 909.72668457
444.485351562 880.239562988
434.550506592 864.144714355
520.633483887 1220.43908691
426.622070312 860.389465332
455.10635376 1299.11535645
521.787109375 1047.48657227
400.978546143 799.727478027
484.220062256 829.170654297
444.956359863 889.992553711
497.254821777 876.092041016
443.719573975 868.351806641
406.149017334 784.554931641
469.203826904 822.658691406
545.362792969 1194.37097168
448.488677979 884.210632324
508.897369385 910.470214844
386.642150879 772.087768555
399.467010498 786.805847168
485.405303955 1076.52075195
442.691101074 785.494750977
521.519592285 999.252746582
481.055053711 951.868652344
456.063232422 868.502563477
549.331665039 1357.48156738
438.859954834 875.568786621
543.349975586 1278.72949219
453.151000977 938.174072266
445.772033691 888.674133301
410.040405273 825.034973145
524.021850586 1092.30749512
533.959106445 1306.03637695
452.373046875 882.477600098
421.113800049 864.827514648
399.099700928 796.015441895
442.373199463 872.127075195
539.878723145 1188.7701416
549.585632324 1233.07739258
486.3956604 858.862487793
456.7550354 961.731567383
465.910888672 1304.21728516
547.964294434 1156.69238281
473.029022217 1354.27819824
475.782775879 1075.54504395
429.151489258 845.157348633
446.556304932 921.628540039
489.291931152 1009.13604736
406.74621582 806.798950195
572.174133301 1192.63500977
451.274871826 920.658996582
392.380554199 763.795654297
449.649078369 885.51385498
539.813476562 1131.51367188
446.656555176 903.813049316
522.021789551 1169.92138672
491.815979004 1126.30688477
475.440429688 921.167907715
570.322143555 1153.66125488
449.32989502 859.762390137
465.690002441 933.399108887
399.368225098 785.124389648
450.532409668 845.409118652
485.53112793 1172.78637695
551.113037109 1215.28735352
461.555297852 1244.98876953
509.153076172 967.18359375
448.59564209 860.564575195
572.572265625 1207.0526123
384.30960083 752.953674316
422.726837158 855.097961426
441.51940918 827.670654297
496.934906006 1046.25317383
448.263458252 892.506408691
480.949188232 967.091003418
438.013061523 865.498474121
398.985015869 785.207824707
405.078033447 809.864562988
527.281494141 981.88885498
470.812408447 985.401245117
441.351196289 849.80859375
416.032287598 844.506652832
412.187225342 751.15032959
553.903320312 1328.71105957
445.981536865 874.908447266
551.187744141 1322.01000977
486.44418335 1262.43127441
527.39440918 1053.62988281
396.558837891 804.721862793
414.262054443 830.787841797
396.374755859 738.285949707
407.473876953 854.469421387
445.399780273 914.420410156
494.097106934 1076.87280273
477.919647217 1232.7722168
415.758789062 852.515869141
387.954498291 790.173828125
454.371948242 893.86315918
382.500549316 770.784545898
442.053009033 896.412475586
454.335876465 935.494506836
456.546203613 920.476867676
460.731140137 920.59979248
497.060241699 877.984985352
557.380371094 1328.69152832
428.783721924 863.97479248
454.401702881 941.032043457
543.938476562 1201.29077148
471.730438232 980.785461426
449.119781494 1180.48144531
440.928100586 785.598510742
468.899383545 920.153808594
539.892028809 1130.55859375
453.432830811 943.666625977
444.969665527 799.201721191
429.061950684 801.679443359
535.831604004 1015.41876221
444.60067749 1233.73291016
444.55657959 894.353149414
469.519775391 801.275817871
400.002349854 801.15234375
484.372161865 860.242248535
437.109069824 872.922668457
561.413146973 1145.24804688
442.849273682 933.354492188
391.767486572 789.874084473
412.658660889 858.445678711
552.491333008 1115.05871582
449.258575439 826.246337891
444.021453857 804.719726562
462.481079102 904.454101562
545.865478516 1119.5982666
384.192321777 779.954833984
580.593383789 1240.77160645
542.755065918 1137.39904785
508.505981445 1168.48522949
426.779693604 874.42401123
541.967712402 987.377746582
575.83972168 1246.47412109
515.295349121 1080.52636719
607.697814941 1271.79492188
535.445983887 1260.3470459
455.947357178 830.737609863
552.52520752 1077.91394043
489.432769775 963.298400879
432.91305542 884.405212402
514.635192871 1081.4161377
521.467895508 1276.57141113
448.845062256 878.593566895
423.685211182 787.4453125
488.74432373 907.997375488
418.558502197 843.322265625
447.170654297 877.258361816
532.230529785 1364.50830078
420.458221436 861.114868164
450.702941895 861.749084473
407.599945068 813.679077148
422.457244873 850.302307129
534.125549316 1385.27392578
391.3956604 746.698303223
527.786071777 1180.00366211
435.977752686 884.677490234
445.023620605 1100.22070312
465.739349365 1465.3137207
488.933807373 982.315246582
446.689605713 801.707763672
455.306976318 940.568603516
490.079040527 1026.3013916
424.03616333 829.760253906
510.191040039 1133.50415039
466.55355835 875.316711426
424.021575928 893.560119629
453.581115723 906.51159668
490.020812988 1091.62487793
450.736968994 812.093505859
439.125030518 883.575744629
467.102111816 910.460632324
454.027496338 954.43170166
450.688293457 925.274719238
430.570831299 901.343200684
427.835632324 749.513122559
451.825134277 914.02947998
402.317260742 798.304138184
419.488952637 852.524536133
462.643188477 1329.72070312
402.988525391 809.893920898
528.432189941 930.012268066
